100
4
1332
4
9583
3
616
10
1029384756
98
52325544405542100120200142415255035431355432411041511455501431401104214542555430005541453000241101
91
7768679758887676596899557888799565567967989879779676889595668559856969556757999975879557779
99
113223111322112313122111223131121231221112211213323121121311232123223312323132331111323113122211331
90
788999778999999899889777999887997898988777899879988778778979888997787887989987797788887799
3
112
90
766777766666676676676677766776776777676677766767666767677766667676777767767777766677667766
96
174362343311223352741327466134242657711173162727176534722213433612675366432463616473135334621574
90
433333443334333333433443333343444434434334444343343444344443343334343344433433443443343343
94
3244230221244224314341432412223111341043104104440021444321304123402320200431430223431000343441
100
0987654321098765432109876543210987654321098765432109876543210987654321098765432109876543210987654321
90
041406464041110444511323366346040405536565334065512153511351652252634643152546602056164263
92
89659976599787885977565796566968965766588968686785698659969895695857999859685985585659678868
3
211
7
9000555
2
01
100
5242355254642525625426452565225655266526364224552436665464455656436664223565623666242535444362533336
93
889888999898898899989988998989899999888999898899988989999889998888988898898988988989889998899
97
1153453343552020015135230253315042135434330510521132552554311342043501213111503400133030232530142
97
7473385734538568837635765677366376363378556864685744537854884555557638637358785775484853848778767
99
010001100000111000010100001100010011110101001000011010001100011110010101111110111110111001001101001
90
987787987788979787878999779878999998998987989888797797988989987889787787778798888897789989
100
6612455615546113221523222316514514553451234611454412354113653235322345536456163116234324426435446644
93
433343334434344333333433444433444344333344433434344434433343433343444343433433334344343343344
99
898999888888988888888989988899899988898889989898888899899999899899899989889898888998888988999998989
98
64558457446858845856766577477575578854457655688868746446755477484875875448887587867848465454784568
97
7865986898887686676677585968676577777556697766855699756767879557855997576669586776698796677586996
90
221211112111212121211121211212222111111211221111222112222221212222111121121221121212211121
95
66456335633436563663554633354563433355446646356453456654355443356454533363363343466335535435334
98
34455355443443354355535434533443543535343553345434443444445533344354353433555454533544353445533543
98
58559769858777767976788759775597886565955658895685676768658997895566885755989785875596988988668755
95
97899799889997978978997799779997878988878887779999777997878977897897789897797879997899799798889
95
12246166141325332232625611545665562354514122363532336635565562241151266432421452554646654143214
15
222229888888811
91
5454545454555454455445445545555555544455545454554544545445545444455554444455544454545455555
98
66655577776565744767464544776677665746567467774447565566466446457444466675675664465447656446455744
94
2010010200112100022202000002210221002110202122200121200220110011200210011020211221100210101101
96
135155232131255132423252144544412252212214213443121325442324122523233215513524555321115522254432
100
2432332432333424332443233224242233344333323442233423343444433343344224433342344222322222223434444433
99
354334355543445544443354444333433533355344334433354444443353335334333553454443534555554433545553335
96
001000000111011111001101111100111000110010110000110011111100011101000110010110000101111011100110
98
85476464688886576754657646885577686588456485766658488457545577666688487448757456578866454487876554
96
144413221213234223311444433234341411342324211131133412233111241333313221123221234111144242342444
99
343545445535345435435533545434334454333344433553553433454545554555435354533533545345355333434354345
99
666565655665565556556656655666655665565656555556556556566555655556565565556665665565566666555566556
91
5655555656656565666556566666555555655665665666665655666566656655666656656565655665665656665
92
22223322222322233232322333323323322232232223323223232332323233333233322323332322222333233232
3
001
98
43643263654255346254664422236662265325332333464645436522544533344242542324433343365255256452345353
98
37247267654773236333723377642454437535633357276726477526766747236342555765624324537435473277426363
98
17753010111408482760257877838340741803507853410242247875071202064435436230765120888527362573332708
95
43361463632724207216367742311765233130102405312063031360154446057140066450754470763576535014714
96
545555445454545545454445554455454545455455454445454544455444445454444555545454555545554555455455
92
77133464557642266157362534565551662614354446543251655322172217547347554172153464423616215461
100
9999999999999999999999999999999999999999999999999999999999999999999999999999999999999999999999999999
100
4881781541987731942623481477332278441142676581531377877217789962877584393467572923198256885248229777
91
5665666556666565666566656666555565566566566665656655566565556556565566566555666556555556565
99
998479879655578579487776554584446649574464684847697498646944945785747458879795959597688949898649585
91
7887877778877787878877788778778877778877777788788788887887878777788777788877878878788887778
90
336474284538536535562538534428637838873263623372636833883232428277226256375268764823632832
92
78686282746365473544825406718827518741426854580507852435730085225472716143273315815654272812
3
011
2
00
100
2453353242785794999764447984827652716229451379637271928154134158727427939442973982722454939982436487
91
1001110011011001011001000011000011111001001110101010010111100101000000110110000011011001100
90
667666666666667776677767766677776667667766676766767777667667777777766767676667767666766776
93
232222333333323222232233332323232322232332222323232233232332332332333323223223333232232223233
93
223232222323233322332223223222223232322233233322222233333232332232223332323232332233322233333
98
33322323113213323331221312223132212331123223111322323223122321132122122123211132133223233223123321
100
9898988989898988899898899988898989999998898989899989899898988998999888899899999888899888999998899998
96
557777767675755757565777777657656756657657565756767666566555756577565777577656665755676666765665
5
19091
100
0000000000000000000000000000000000000000000000000000000000000000000000000000000000000000000000000000
93
665353466455666465545464553634363455655434354533564366564444363363334353446355566565464466643
97
8434796686588538873969476539338543575876355886653533697455455667335996367845388853769334583638636
3
110
100
0123456789012345678901234567890123456789012345678901234567890123456789012345678901234567890123456789
90
877887778878777778777787888877778878777877788877888887787787777788888787787888787778788888
94
0312231113232320332013311310300120102031121300332223031021000312213030311323230033321233111031
95
33468736694598374949735676496454977675659596758756533356469854869466597465838943868749779594593
90
646666864463633576547457866843858366745665364367553676747453765385536645875584677635875738
94
7878856585858668876585687555875866566576575556868766776887777765577776657655878587787878778688
97
7766676676677666666676666777766666677667777677676666766766777777776766767676667666676666667676766
91
6584454655787746478665545848746558845547445854687747655848448478786744748766467555447484664
100
5454455444554455454445454445444544444545544545545544554445544544454545455455544445444555445445545444
100
4877857354458385865764656666384555344586735775578488887866774555735638857747776375645778746437854537
92
54363251423666560161560661143655322166445443434306544320105202524154105311216142044103006222
90
226514264236125352214342243536232333262364541241133661521165241611543414313446364532234165
91
5786776468458756768667477548757878658647684576874488847476758476456684787586547576854556565
91
3232432323724731275664564325721425552421112337775115176157533137755375715547673376623755347
90
628766672347738624827353854467767474565478288335788468832625354685487224744828582666478685
96
232335225533345342452435424322442553552232323252524254525232444343353443234232255433425533255332
100
0000000000111111111122222222223333333333444444444444444444443333333333222222222211111111110000000000
90
251244214242324132455322512444345214451431513231352231551551513144543433342131145311441355
100
2420687989744274126627591476030302281167056355777544233022859009686238742993757083885280486295089581
100
1187915169974375154634436547246497223672629226529187426618695129542427572986855979719888574756524262
2
10
