100
4
1332
4
9583
3
616
10
1029384756
91
5434333353334335555535554345554434335354343444445354343355334433335433354345534554333343333
99
554633662364366553635544663342556423344265336232436252266646434455332224252323232543363523546455443
3
001
99
054243214434041334204251105453323330252551051113344000002153001203320243535055415135251135045025403
5
19091
92
58768554386344676463634873483637885435768375453358565534788874456348863345448333388348477763
94
1650611064234547475466315124363526676127340215032424636504505101063467355023040611602757535461
100
3223244243324222424423433242244423423343233423233222233224344432442433343334432332343422334234434444
3
011
96
333557554576534865787443447778884783468545848484433345334346648656663337586767353457645866875876
99
777655776575665577676677656557556766575676556666776557576655676756655776556777655557657765767756676
96
566565564555465446666554446666566444446464546565656455644655444555555544455645554565464564645446
92
47698564494595559987699756886956858979956647995995655695496787998656585468484466799974866969
98
77677777766776766677767776667667667667666777776667666767667666777667666767767777767677767776667676
94
3002012241503022331453554113400503403221322133554100045353241022005014343244240340451324002110
93
674566356655655347456367744664555677664645447665446747634333666363343537433574633373435456366
90
467777677677755543467547464463343636346446654774434345433775373666656665477744447734654467
91
1122222222112223213221311132312213312121312333211323332233212333322331233121312211121223211
99
762374734463654436652243753666643473356647737537746535555543372272435656736656332552777542222723672
91
1166644413412644426114423131222514136223421661533222656356254554422635511623433353546125634
93
422376168227227617828186371811168466181358464136367615177876664321456445728387815736651217555
15
222229888888811
96
575557567844695864978494585484876597946859976555658968779966597987467557898974865679979874489498
96
667777876867876876767868877788768786678866888778677788776686876687776678686766877678866676866886
90
889898989889998889998989899988899899999898998888888889898889899889988898998889999899899999
98
57767567657657655765666656667666666577557556557775556776757677675657575555756655555755566656577777
98
10321344333201113204131102214141414432242402331204001431122211444012324212134202204143223333201410
3
112
98
98787898797777969668797898967776799978968798766788979788869968669666886666799799968878788887967967
97
5451254151311444413555412225432321422251154312451413241332252532324152512342533122242545514443512
96
888677689897967679767879966789897666999876797876686868867966968789789796967668868688668699879679
100
9649392469393256686337883833737196128665712864386198662272344947984588264954781521881126583223677696
93
777878788788877878778888888878888778878788888878778788887778778778787778778778888777787788878
90
566556445665654555554644445556444564566654656564655544454454546446664644445464446444455565
99
213423322412114321234121141221322243213132442323411321422244121312124224134214141432443442324241141
93
333323323322232322223223232233223322333323333223232233323322322232222323332232232232322322332
95
28188773882526646113165441457312276386738187528157785182217666232263523767271658234272168852778
99
430201141100202424024243102444414011110442201443043121333321100033034433234332343133031221142243221
97
9821034464388226376896471116148024851651666252149877208370216448232917746002738573584209906349506
95
43101012342521134100132530200025532351055340521020134154031233144355042133404540052243111111511
95
43644673314354252436577634452344712653732444316633643132622642232762374677746365567315715117274
90
323232332232233232222223233333323323332323322323222323233322223322222323223322323232323223
94
2652115636666473307147541712210604365460707646237135430714616407070707506353140041340413036437
97
4255252532345353245354444355444332555522254325245335224443234354443334335345234455353242525532534
93
766879768787978787776766897997669789777899799697879886689676889986999867967687879798769666786
94
8799778978877889787799788778977887988997778889988879787989789777797798987878879977779977987978
94
6745566566776555545677767556754444645476545557667455477477467764777667465557677574547574477746
91
7679666789799989877986978678776767789996968886786979797789769788878968699978789988669776666
2
00
100
2212222221121111211112121212121122111111122212212122111111212211212111122212112112221211212111211211
93
424177120667237250551644002003475365034022751577421605635103201026615415323276574754430525735
96
543613411241737437357654567122616561214122171764447515257266542765577545133351154754266153373336
2
10
100
0987654321098765432109876543210987654321098765432109876543210987654321098765432109876543210987654321
95
33535553542545453424553232452234324342543344345324345552553532223532255455324444324344423435524
97
4445545554545455545445545445545454455554554445445544454555454554555545555554454554544555455444555
2
01
94
7878575758885876678586775867576675557678557855755786788866685665565776875856556787756886688885
95
44645546655665554654456665665556656564556564664456545655655566566665566544546454654455445465564
100
9797981553135659899924949997749456281651384859934436374591133171329899337727885834899978349569352579
96
234634465555433445623424442635245554336534254334622362624362352526546523646466346255233252644343
92
65800400537645872476683171237677178557730331647630161621663711041451148757116243685146506078
98
66557667667565655766575755677765566776777767665655556656755667675575776656767567757655556557767567
97
0363146535051042465124500530313250140611425645432443516261236423642442431453150131241040632253625
90
888988988989988998989998988889898889998889899989988888999898989998889899898888898998898898
99
551222511134520324352442554331200003342045055045124310532551551113114235402422515304453034403431415
95
56556565655556665565656655566555555656566666566555565566655556556566655655656565565655555665655
98
89989967669688698969687869799667889796779699676768897999696796787977667998796998966889887897688669
100
7554746544446455447655674454656465546664477675565656755744464756667476656664475654747444565446545576
3
110
92
68866677688688677787786676788787886687866677678868688886868867877867778877668788866767687788
100
0000000000111111111122222222223333333333444444444444444444443333333333222222222211111111110000000000
100
0000000000000000000000000000000000000000000000000000000000000000000000000000000000000000000000000000
96
343443334434334434334333333443343434344334334444344433434434333334433444444344443433343343344344
100
4266622554911463492578143159668341472166341961496569771399255337311176918894141695275656846328244279
90
425334533225333422452335422522352333445542255222445323444424333434443335252232343342533234
97
2313411323144321134423233144441332123214144441113213224331242231211343241131341243222212441333331
96
877777659875578587555665995877879959988889996555898656678566797699955658675997669566586667965868
96
987875666798778669798656887977656798679858797766657775878677998796969875579669757569966697959676
90
000010101101011001001000111001010001011110110110000111011011001010001110000000010011000000
92
44773385588278153928434526663191672848857374627478744134857181468837321146953175572869128315
91
9766776989969897997897887666989967896689697766766976678866979886798786899867866699867689978
100
5556655666565656565555566556666566555555665556656566566555566566655656656565666665566666665666665566
93
359738965656759977449769893958855678464668348896688445553354556789799563477738363374536895639
93
003223023230010223212211113120303321031221032010102203312332102221101320211103013213033011020
90
135654221642443541551462534331266142536341451552443325421366161641542261242513336554222165
96
944626327385557783346234546328957769379992888878977449457397557896393975495393426895285926269532
7
9000555
92
33465456566666545344443566636654453364535356535533456464366545334356565453554435366545344543
100
0123456789012345678901234567890123456789012345678901234567890123456789012345678901234567890123456789
92
93977958883366933588397566773986494633766635979567559985586883647965539974597495958788889853
95
87889797998978977997799898878997987899987778987779987999997889888778798798978779879979777987978
96
644646554464454566664656466456644665545544455444645544656446554465554446446556566645654644645464
3
211
92
43532013252340530101143530253300005012544211024104001040242340554043322402501234112424453144
100
9999999999999999999999999999999999999999999999999999999999999999999999999999999999999999999999999999
